Full Prefetching:
  -8.49351   -6.35248   -6.67063    -5.6182   -6.93796   -6.77543   -5.72844   -7.01991    -7.4015   -6.84625   -7.54084   -6.46018    -6.1723   -4.79311   -7.20633   -430.067  1  0 
  -7.06776    -8.7955   -7.05974   -5.63919   -7.04229   -6.30676   -5.58276   -7.26811   -8.56669   -6.74529   -7.74972   -4.71875   -5.98869   -4.23728   -6.90514   -419.647  1  0 
  -7.06776    -8.7955   -7.05974   -5.63919   -7.04229   -6.30676   -5.58276   -7.26811   -8.56669   -6.74529   -7.74972   -4.71875   -5.98869   -4.23728   -6.90514   -419.647  0  2 
  -6.78026   -8.77547    -6.6734    -4.7874   -6.56823   -5.43951   -6.23194   -6.62435    -10.764   -6.04542   -6.88495   -3.37461   -6.67512   -5.08753   -6.57291   -415.771  1  0 
  -6.78026   -8.77547    -6.6734    -4.7874   -6.56823   -5.43951   -6.23194   -6.62435    -10.764   -6.04542   -6.88495   -3.37461   -6.67512   -5.08753   -6.57291   -415.771  0  2 
  -6.92704   -8.56203   -6.04356   -3.62869   -6.16112   -3.97197   -7.52002   -7.13352   -11.2022   -5.92983    -6.7447   -3.83965    -7.3409   -4.25447   -5.31801    -401.46  1  0 
  -6.92704   -8.56203   -6.04356   -3.62869   -6.16112   -3.97197   -7.52002   -7.13352   -11.2022   -5.92983    -6.7447   -3.83965    -7.3409   -4.25447   -5.31801    -401.46  0  2 
  -6.73626   -8.54822   -5.30372   -3.85961    -5.1953   -4.28138   -5.82815   -6.69187   -11.3142   -5.61837   -6.75506   -3.78801   -7.76821   -3.25046   -4.73322     -378.9  1  0 
  -6.73626   -8.54822   -5.30372   -3.85961    -5.1953   -4.28138   -5.82815   -6.69187   -11.3142   -5.61837   -6.75506   -3.78801   -7.76821   -3.25046   -4.73322     -378.9  0  2 
  -6.14008   -7.55564   -5.33387   -3.47986   -4.37623   -2.58753   -5.62124   -7.53932    -11.332   -4.85177   -6.36026   -4.32584   -7.25433   -1.01572   -4.05995   -351.092  1  0 
  -6.14008   -7.55564   -5.33387   -3.47986   -4.37623   -2.58753   -5.62124   -7.53932    -11.332   -4.85177   -6.36026   -4.32584   -7.25433   -1.01572   -4.05995   -351.092  0  2 
  -6.17781   -8.03865   -6.42061   -2.13144    -4.8264   -2.28271   -5.70877   -9.03354    -9.9991   -5.67252   -7.39444   -5.23264   -6.10826  -0.980599   -2.44936   -342.278  1  0 
  -5.04317   -8.14437   -7.17758   -1.67943   -5.64347    -2.4188   -6.62097   -8.78856   -9.94262   -4.75987   -6.32678   -3.75289   -6.66675  -0.036263   -2.66369   -335.043  1  2 
  -5.04317   -8.14437   -7.17758   -1.67943   -5.64347    -2.4188   -6.62097   -8.78856   -9.94262   -4.75987   -6.32678   -3.75289   -6.66675  -0.036263   -2.66369   -335.043  0  0 
  -4.01212   -7.32428    -5.5098   -3.22786   -4.90316   -1.58323   -6.27936     -9.244   -8.76534   -4.12283   -6.82129   -2.74391   -6.99575   0.873432   -3.40006   -296.275  1  2 
  -4.01212   -7.32428    -5.5098   -3.22786   -4.90316   -1.58323   -6.27936     -9.244   -8.76534   -4.12283   -6.82129   -2.74391   -6.99575   0.873432   -3.40006   -296.275  0  0 
  -4.01212   -7.32428    -5.5098   -3.22786   -4.90316   -1.58323   -6.27936     -9.244   -8.76534   -4.12283   -6.82129   -2.74391   -6.99575   0.873432   -3.40006   -296.275  0  2 
  -3.10255   -7.46659   -5.27631   -2.20686   -5.30376   -1.30585   -5.02352   -9.09108   -9.95514   -4.56235   -7.14214   -1.38225   -7.67026  -0.344734   -3.73097   -294.877  1  0 
  -3.04852   -5.66208   -4.94076   -3.62837   -5.75616   -1.19212   -5.66231   -9.27355   -8.93289   -5.51009   -7.18436  -0.126928   -7.43708  -0.296178   -2.96302   -273.972  1  2 
  -3.04852   -5.66208   -4.94076   -3.62837   -5.75616   -1.19212   -5.66231   -9.27355   -8.93289   -5.51009   -7.18436  -0.126928   -7.43708  -0.296178   -2.96302   -273.972  0  0 
  -3.04852   -5.66208   -4.94076   -3.62837   -5.75616   -1.19212   -5.66231   -9.27355   -8.93289   -5.51009   -7.18436  -0.126928   -7.43708  -0.296178   -2.96302   -273.972  0  2 
  -3.04852   -5.66208   -4.94076   -3.62837   -5.75616   -1.19212   -5.66231   -9.27355   -8.93289   -5.51009   -7.18436  -0.126928   -7.43708  -0.296178   -2.96302   -273.972  0  0 
  -3.04852   -5.66208   -4.94076   -3.62837   -5.75616   -1.19212   -5.66231   -9.27355   -8.93289   -5.51009   -7.18436  -0.126928   -7.43708  -0.296178   -2.96302   -273.972  0  2 
  -3.65839   -5.07794   -4.68676   -4.20204   -6.60144   -1.40685   -5.21102   -9.18193   -8.99128   -4.90024   -5.67918   0.816203   -7.68617  -0.522292   -2.91041   -267.406  1  0 
  -3.65839   -5.07794   -4.68676   -4.20204   -6.60144   -1.40685   -5.21102   -9.18193   -8.99128   -4.90024   -5.67918   0.816203   -7.68617  -0.522292   -2.91041   -267.406  0  2 
  -4.11892   -3.87192   -3.21452   -4.00238    -7.0632   -1.57126   -4.91531   -9.16289   -8.75256   -6.10385   -6.43582   0.182189   -6.63596   0.537353   -2.18811    -251.71  1  0 
  -4.11892   -3.87192   -3.21452   -4.00238    -7.0632   -1.57126   -4.91531   -9.16289   -8.75256   -6.10385   -6.43582   0.182189   -6.63596   0.537353   -2.18811    -251.71  0  2 
  -4.11892   -3.87192   -3.21452   -4.00238    -7.0632   -1.57126   -4.91531   -9.16289   -8.75256   -6.10385   -6.43582   0.182189   -6.63596   0.537353   -2.18811    -251.71  0  0 
  -4.11892   -3.87192   -3.21452   -4.00238    -7.0632   -1.57126   -4.91531   -9.16289   -8.75256   -6.10385   -6.43582   0.182189   -6.63596   0.537353   -2.18811    -251.71  0  2 
  -4.11892   -3.87192   -3.21452   -4.00238    -7.0632   -1.57126   -4.91531   -9.16289   -8.75256   -6.10385   -6.43582   0.182189   -6.63596   0.537353   -2.18811    -251.71  0  0 
  -4.11892   -3.87192   -3.21452   -4.00238    -7.0632   -1.57126   -4.91531   -9.16289   -8.75256   -6.10385   -6.43582   0.182189   -6.63596   0.537353   -2.18811    -251.71  0  2 
  -4.11892   -3.87192   -3.21452   -4.00238    -7.0632   -1.57126   -4.91531   -9.16289   -8.75256   -6.10385   -6.43582   0.182189   -6.63596   0.537353   -2.18811    -251.71  0  0 
  -4.11892   -3.87192   -3.21452   -4.00238    -7.0632   -1.57126   -4.91531   -9.16289   -8.75256   -6.10385   -6.43582   0.182189   -6.63596   0.537353   -2.18811    -251.71  0  2 
  -5.01701   -4.41308   -2.32734   -3.08434    -8.9967   -2.58085   -3.43775   -10.1381    -8.8294   -5.90034   -5.76349   0.643747   -5.23802    1.01147   -1.87954   -243.476  1  0 
  -3.95197   -4.02109   -1.86311   -3.14851   -9.62148   -2.90463   -3.99514   -10.5227      -8.39   -4.95119    -6.3928  -0.220101   -6.60478    1.51365  -0.794968   -240.809  1  2 
  -3.95197   -4.02109   -1.86311   -3.14851   -9.62148   -2.90463   -3.99514   -10.5227      -8.39   -4.95119    -6.3928  -0.220101   -6.60478    1.51365  -0.794968   -240.809  0  0 
  -3.95197   -4.02109   -1.86311   -3.14851   -9.62148   -2.90463   -3.99514   -10.5227      -8.39   -4.95119    -6.3928  -0.220101   -6.60478    1.51365  -0.794968   -240.809  0  2 
  -3.95197   -4.02109   -1.86311   -3.14851   -9.62148   -2.90463   -3.99514   -10.5227      -8.39   -4.95119    -6.3928  -0.220101   -6.60478    1.51365  -0.794968   -240.809  0  0 
  -4.24309   -3.85171    -1.9569   -3.48753   -9.81662   -2.31568   -4.49258   -10.0914   -7.47068   -5.11454   -5.69499  -0.440705   -6.31316    1.04598  -0.540284   -229.667  1  2 
  -2.90372    -3.6632   -1.92053   -2.51007   -9.04067   -1.45153   -5.24357     -9.112   -7.08004   -3.78235   -6.20955  -0.963481   -7.52578   0.854393  0.0682203   -214.211  1  0 
  -2.90372    -3.6632   -1.92053   -2.51007   -9.04067   -1.45153   -5.24357     -9.112   -7.08004   -3.78235   -6.20955  -0.963481   -7.52578   0.854393  0.0682203   -214.211  0  2 
  -2.28317   -3.72903    -2.0792  -0.956565   -9.67697   -1.88518   -5.87025   -9.55004   -7.65841   -2.82744   -5.38313   -1.22035   -5.83978    1.34341   0.714487   -213.239  1  0 
  -2.28317   -3.72903    -2.0792  -0.956565   -9.67697   -1.88518   -5.87025   -9.55004   -7.65841   -2.82744   -5.38313   -1.22035   -5.83978    1.34341   0.714487   -213.239  0  2 
  -2.46424   -3.71185   -1.88088  -0.162395   -10.5749    -1.5996    -5.6277   -8.37967   -6.82862   -4.17417   -5.75663     -1.171   -6.22301    2.60177     1.0428    -203.77  1  0 
  -2.14635   -3.86833  -0.542967   -1.03344   -10.8182   -1.65661   -5.25449   -7.95186   -6.46638   -2.84806   -7.28763   -2.92501   -5.40382    2.65122     2.5874   -195.369  1  2 
  -3.15564    -3.0739 -0.0881435   -1.28219   -10.3492   -1.29479   -4.89952   -8.10895    -6.1473    -1.8889   -7.23992   -2.97104   -5.41293     2.5335    3.01087   -184.273  1  0 
  -4.20548   -4.45303    0.10124  -0.836138   -9.47344   -0.90959   -3.15594     -7.634   -5.23795   -2.30589   -7.78326   -3.16203   -5.58127    2.14624    2.94064    -171.45  1  2 
  -4.05953   -4.52993   0.133876  -0.697223   -9.40264  -0.655966    -1.3928   -8.56444   -3.54282   -1.62326   -6.39719   -2.45434   -4.88004    1.26558    2.81628   -145.472  1  0 
  -3.60306   -5.18016  0.0893988    0.23722   -9.59978   -0.33711   -1.97502   -8.05085   -3.86231  -0.246719   -7.84805   -1.07854   -4.32177   0.677756    1.62135   -143.128  1  2 
  -3.60306   -5.18016  0.0893988    0.23722   -9.59978   -0.33711   -1.97502   -8.05085   -3.86231  -0.246719   -7.84805   -1.07854   -4.32177   0.677756    1.62135   -143.128  0  0 
  -3.60306   -5.18016  0.0893988    0.23722   -9.59978   -0.33711   -1.97502   -8.05085   -3.86231  -0.246719   -7.84805   -1.07854   -4.32177   0.677756    1.62135   -143.128  0  2 
  -3.60306   -5.18016  0.0893988    0.23722   -9.59978   -0.33711   -1.97502   -8.05085   -3.86231  -0.246719   -7.84805   -1.07854   -4.32177   0.677756    1.62135   -143.128  0  0 
  -3.60306   -5.18016  0.0893988    0.23722   -9.59978   -0.33711   -1.97502   -8.05085   -3.86231  -0.246719   -7.84805   -1.07854   -4.32177   0.677756    1.62135   -143.128  0  2 
  -4.38538   -4.40316   0.401584    -0.6059   -10.2257  0.0420678   -1.92754    -7.8943   -3.91096   -1.01527   -8.61789   -1.34167   -2.74169   -1.02455    2.62349   -143.501  1  0 
  -4.38538   -4.40316   0.401584    -0.6059   -10.2257  0.0420678   -1.92754    -7.8943   -3.91096   -1.01527   -8.61789   -1.34167   -2.74169   -1.02455    2.62349   -143.501  0  2 
  -4.38538   -4.40316   0.401584    -0.6059   -10.2257  0.0420678   -1.92754    -7.8943   -3.91096   -1.01527   -8.61789   -1.34167   -2.74169   -1.02455    2.62349   -143.501  0  0 
  -4.38538   -4.40316   0.401584    -0.6059   -10.2257  0.0420678   -1.92754    -7.8943   -3.91096   -1.01527   -8.61789   -1.34167   -2.74169   -1.02455    2.62349   -143.501  0  2 
  -4.38538   -4.40316   0.401584    -0.6059   -10.2257  0.0420678   -1.92754    -7.8943   -3.91096   -1.01527   -8.61789   -1.34167   -2.74169   -1.02455    2.62349   -143.501  0  0 
  -4.38538   -4.40316   0.401584    -0.6059   -10.2257  0.0420678   -1.92754    -7.8943   -3.91096   -1.01527   -8.61789   -1.34167   -2.74169   -1.02455    2.62349   -143.501  0  2 
  -4.38538   -4.40316   0.401584    -0.6059   -10.2257  0.0420678   -1.92754    -7.8943   -3.91096   -1.01527   -8.61789   -1.34167   -2.74169   -1.02455    2.62349   -143.501  0  0 

